3
10 100
16  0  0  0  0  0  0  0  0  0 0 0 0 0 0 0 0 0 0 0 0 0 0 0 0 0 0 0 0 0 0 0 0 0 0 0 0 0 0 0 0 0 0 0 0 0 0 0 0 0 0 0 0 0 0 0 0 0 0 0 0 0 0 0 0 0 0 0 0 0 0 0 0 0 0 0 0 0 0 0 0 0 0 0 0 0 0 0 0 0 0 0 0 0 0 0 0 0 0 0
 0 14  0  0  0  0  0  0  0  0 0 0 0 0 0 0 0 0 0 0 0 0 0 0 0 0 0 0 0 0 0 0 0 0 0 0 0 0 0 0 0 0 0 0 0 0 0 0 0 0 0 0 0 0 0 0 0 0 0 0 0 0 0 0 0 0 0 0 0 0 0 0 0 0 0 0 0 0 0 0 0 0 0 0 0 0 0 0 0 0 0 0 0 0 0 0 0 0 0 0
 0  0 83  0  0  0  0  0  0  0 0 0 0 0 0 0 0 0 0 0 0 0 0 0 0 0 0 0 0 0 0 0 0 0 0 0 0 0 0 0 0 0 0 0 0 0 0 0 0 0 0 0 0 0 0 0 0 0 0 0 0 0 0 0 0 0 0 0 0 0 0 0 0 0 0 0 0 0 0 0 0 0 0 0 0 0 0 0 0 0 0 0 0 0 0 0 0 0 0 0
 0  0  0 64  0  0  0  0  0  0 0 0 0 0 0 0 0 0 0 0 0 0 0 0 0 0 0 0 0 0 0 0 0 0 0 0 0 0 0 0 0 0 0 0 0 0 0 0 0 0 0 0 0 0 0 0 0 0 0 0 0 0 0 0 0 0 0 0 0 0 0 0 0 0 0 0 0 0 0 0 0 0 0 0 0 0 0 0 0 0 0 0 0 0 0 0 0 0 0 0
 0  0  0  0 46  0  0  0  0  0 0 0 0 0 0 0 0 0 0 0 0 0 0 0 0 0 0 0 0 0 0 0 0 0 0 0 0 0 0 0 0 0 0 0 0 0 0 0 0 0 0 0 0 0 0 0 0 0 0 0 0 0 0 0 0 0 0 0 0 0 0 0 0 0 0 0 0 0 0 0 0 0 0 0 0 0 0 0 0 0 0 0 0 0 0 0 0 0 0 0
 0  0  0  0  0 27  0  0  0  0 0 0 0 0 0 0 0 0 0 0 0 0 0 0 0 0 0 0 0 0 0 0 0 0 0 0 0 0 0 0 0 0 0 0 0 0 0 0 0 0 0 0 0 0 0 0 0 0 0 0 0 0 0 0 0 0 0 0 0 0 0 0 0 0 0 0 0 0 0 0 0 0 0 0 0 0 0 0 0 0 0 0 0 0 0 0 0 0 0 0
 0  0  0  0  0  0 10  0  0  0 0 0 0 0 0 0 0 0 0 0 0 0 0 0 0 0 0 0 0 0 0 0 0 0 0 0 0 0 0 0 0 0 0 0 0 0 0 0 0 0 0 0 0 0 0 0 0 0 0 0 0 0 0 0 0 0 0 0 0 0 0 0 0 0 0 0 0 0 0 0 0 0 0 0 0 0 0 0 0 0 0 0 0 0 0 0 0 0 0 0
 0  0  0  0  0  0  0 13  0  0 0 0 0 0 0 0 0 0 0 0 0 0 0 0 0 0 0 0 0 0 0 0 0 0 0 0 0 0 0 0 0 0 0 0 0 0 0 0 0 0 0 0 0 0 0 0 0 0 0 0 0 0 0 0 0 0 0 0 0 0 0 0 0 0 0 0 0 0 0 0 0 0 0 0 0 0 0 0 0 0 0 0 0 0 0 0 0 0 0 0
 0  0  0  0  0  0  0  0 95  0 0 0 0 0 0 0 0 0 0 0 0 0 0 0 0 0 0 0 0 0 0 0 0 0 0 0 0 0 0 0 0 0 0 0 0 0 0 0 0 0 0 0 0 0 0 0 0 0 0 0 0 0 0 0 0 0 0 0 0 0 0 0 0 0 0 0 0 0 0 0 0 0 0 0 0 0 0 0 0 0 0 0 0 0 0 0 0 0 0 0
 0  0  0  0  0  0  0  0  0 26 0 0 0 0 0 0 0 0 0 0 0 0 0 0 0 0 0 0 0 0 0 0 0 0 0 0 0 0 0 0 0 0 0 0 0 0 0 0 0 0 0 0 0 0 0 0 0 0 0 0 0 0 0 0 0 0 0 0 0 0 0 0 0 0 0 0 0 0 0 0 0 0 0 0 0 0 0 0 0 0 0 0 0 0 0 0 0 0 0 0
 10 100
 16  0  0  0  0  0  0  0  0  0 0 0 0 0 0 0 0 0 0 0 0 0 0 0 0 0 0 0 0 0 0 0 0 0 0 0 0 0 0 0 0 0 0 0 0 0 0 0 0 0 0 0 0 0 0 0 0 0 0 0 0 0 0 0 0 0 0 0 0 0 0 0 0 0 0 0 0 0 0 0 0 0 0 0 0 0 0 0 0 0 0 0 0 0 0 0 0 0 0 0
 0 14  0  0  0  0  0  0  0  0 0 0 0 0 0 0 0 0 0 0 0 0 0 0 0 0 0 0 0 0 0 0 0 0 0 0 0 0 0 0 0 0 0 0 0 0 0 0 0 0 0 0 0 0 0 0 0 0 0 0 0 0 0 0 0 0 0 0 0 0 0 0 0 0 0 0 0 0 0 0 0 0 0 0 0 0 0 0 0 0 0 0 0 0 0 0 0 0 0 0
 0  0 83  0  0  0  0  0  0  0 0 0 0 0 0 0 0 0 0 0 0 0 0 0 0 0 0 0 0 0 0 0 0 0 0 0 0 0 0 0 0 0 0 0 0 0 0 0 0 0 0 0 0 0 0 0 0 0 0 0 0 0 0 0 0 0 0 0 0 0 0 0 0 0 0 0 0 0 0 0 0 0 0 0 0 0 0 0 0 0 0 0 0 0 0 0 0 0 0 0
 0  0  0 64  0  0  0  0  0  0 0 0 0 0 0 0 0 0 0 0 0 0 0 0 0 0 0 0 0 0 0 0 0 0 0 0 0 0 0 0 0 0 0 500 0 0 0 0 0 0 0 0 0 0 0 0 0 0 0 0 0 0 0 0 0 0 0 0 0 0 0 0 0 0 0 0 0 0 0 0 0 0 0 0 0 0 0 0 0 0 0 0 0 0 0 0 0 0 0 0
 0  0  0  0 46  0  0  0  0  0 0 0 0 0 0 0 0 0 0 0 0 0 0 0 0 0 0 0 0 0 0 0 0 0 0 0 0 0 0 0 0 0 0 0 0 0 0 0 0 0 0 0 0 0 0 0 0 0 0 0 0 0 0 0 0 0 0 0 0 0 0 0 0 0 0 0 0 0 0 0 0 0 0 0 0 0 0 0 0 0 0 0 0 0 0 0 0 0 0 0
 0  0  0  0  0 27  0  0  0  0 0 0 0 0 0 0 0 0 0 0 0 0 0 0 0 0 0 0 0 0 0 0 0 0 0 0 0 0 0 0 0 0 0 0 0 0 0 0 0 0 0 0 0 0 0 0 0 0 0 0 0 0 0 0 0 0 0 0 0 0 0 0 0 0 0 0 0 0 0 0 0 0 0 0 0 0 0 0 0 0 0 0 0 0 0 0 0 0 0 0
 0  0  0  0  0  0 10  0  0  0 0 0 0 0 0 0 0 0 0 0 0 0 0 0 0 0 0 0 0 0 0 0 0 0 0 0 0 0 0 0 0 0 0 0 0 0 0 0 0 0 0 0 0 0 0 0 0 0 0 0 0 0 0 0 0 0 0 0 0 0 0 0 0 0 0 0 0 0 0 0 0 0 0 0 0 0 0 0 0 0 0 0 0 0 0 0 0 0 0 0
 0  0  0  0  0  0  0 13  0  0 0 0 0 0 0 0 0 0 0 0 0 0 0 0 0 0 0 0 0 0 0 0 0 0 0 0 0 0 0 0 0 0 0 0 0 0 0 0 0 0 0 0 0 0 0 0 0 0 0 0 0 0 0 0 0 0 0 0 0 0 0 0 0 0 0 0 0 0 0 0 0 0 0 0 0 0 0 0 0 0 0 0 0 0 0 0 0 0 0 0
 0  0  0  0  0  0  0  0 95  0 0 0 0 0 0 0 0 0 0 0 0 0 0 0 0 0 0 0 0 0 0 0 0 0 0 0 0 0 0 0 0 0 0 0 0 0 0 0 0 0 0 0 0 0 0 0 0 0 0 0 0 0 0 0 0 0 0 0 0 0 0 0 0 0 0 0 0 0 0 0 0 0 0 0 0 0 0 0 0 0 0 0 0 0 0 0 0 0 0 0
 0  0  0  0  0  0  0  0  0 26 0 0 0 0 0 0 0 0 0 0 0 0 0 0 0 0 0 0 0 0 0 0 0 0 0 0 0 0 0 0 0 0 0 0 0 0 0 0 0 0 0 0 0 0 0 0 0 0 0 0 0 0 0 0 0 0 0 0 0 0 0 0 0 0 0 0 0 0 0 0 0 0 0 0 0 0 0 0 0 0 0 0 0 0 0 0 0 0 0 0
 40 100
 10 42 42 62 100 25 55 42 98 100 66  83 16  7 66 68  61 10 44 60 60 34 58  32 66  2  17 11 66 59 29  2 85 89 94 11  14 68 31  59 20 95  82 47   0 64  86 74  56 87 56 47 83  34 98 21 11 11 72 97  89  88  73 32  45 100  69 83 73 46  89 55  94 89 91 36 44 56  95 48  98 30 20 17 51 65 20 49  90 84 84 26 15 93  94  44 21  40 48  30
 0 37 48 44  88 65 22 41 40  60 88  40 89 20 25 26 100 41 81  1 10  7 45  52 87 75  46 90 52 69 84 86 41 56 83 28  21 93 86   8 55 35  38  0  93  5  21 32  72 34 19 47 49  22 43 63 43 14 83 93  50  61  52  9  85  43  76 19 53 33  80 77  39 67 56 14 58 94  85 39  50 10 11 92 13 21 32 49  83 30 38 79 90 56  25  65 81  11 15   2
 0  0 10 27  39 66 31 98 24  29 42  93 27 37 50 39  65 81 16 86 26 79  9  81 60 82  12 34 30 69 85 47 99 11 66 37  60  3 65  39 90 67  44 44  96 89  28 43  73 19 88  1 11  40 17  3 40  3 97 66  88   4  10 37  76  54  49  7 98 11  33 77  56 43 33 50 20 95  74 87  24 25 49 51 28  5 37 42  84 95 16 85 51  7  39  17 46   8 80  51
 0  0  0 24  90 20 37 17 23   5 73  55  0 86 88  1  28 33 11 56  5 48  0  60 50 91   2 92 28 87 52 40 45 48 91 16  62 62 65  50  9 86  56 34  91 45  87 22  74 95 67  0 87  32 41 39 58  2 59 23  85   7  80 99   4  16  77 60 37  8  56 33  77 91 51 94 34 13  74 38  53 46 21 58 54 46 73 94  23 97 63 81  7 11  31  63 85  37 62  88
 0  0  0  0  29 37 21  2 86  47 54  41 40  3 87 28  98 96 98 99 26  9 58  79 30 60  74 23 84 14  7 77 59 94 73 84  30 41 17  67  5 68 100 26  94 43 100  8  85  6 93 54 83  96  2  4 71 42 79 46  86  65  88 34  74  60  81 75 55 80  41 27  25 96 25 62 22  5  78 54   5 80 74 80 32  8 27 91  95 13 30 69 79 89  61  42 95  43 47  31
 0  0  0  0   0 48 75 53 35  24 76  84 22 63 59 41  44 35 63  8 98 28 28  35 26 44  36 41 12 36 74 54 41 33 29 21  34 40 99  61 76 42  83  7 100 10  36 83  84 54 98 58 59  92 80  1 34 35 46 33  61   5  31 39  96  13  23 64 77  9  63 23   2 57 41 62 65 41  68 85   1  5 50 35 66 79 46 59   7 34 21 86  2 51  99  29 99  73 85  73
 0  0  0  0   0  0 46 89 70  70 43  10  3 80 40 99  79 99 38 36 80 65 31  67 90 51  64 45 30 29 66 91  6 77 48 81  20 27 58  95 44 25  14 28   0 41  23 29  26 23 43 50 12  88 90  3 95 13 47 72  45  49  16 82  45  55  73 22 67 22  78 50  26 52 53  6 33 48  92 76  49 68 70 74 92 91 85 75 100  7 56  1  0 30  16  36 66 100 81  84
 0  0  0  0   0  0  0 16 54  66  5  19 47 70 68 75  41 34 94 26 67 28 14  54 15 45  45 27 98 89 42 16 78 92 42 42  31 52 36  42 33 34  64 34  67 34  85 17 100 54 16  4 61  82 45 14 96  7 40 24  11  68  91 91  63  52  91 80 38 52  70 28  36 57 93 13 89 65  24 98  61 85 16 41 61 34 69 21  70 40 55 25 19 39  63  86  0  87 16  86
 0  0  0  0   0  0  0  0  1  23 99   2 23 89 98 25  97 86 36 47 76  2 36  25 25 47  18 29 22 68 70 14 41 90 93 19  29 32 71  78 71 29  48 30  12 18  56  2  65 37 78  5  5  41  9 84  1 17 32 11  57  97  41 50 100  42  99 66 74 20  85 12  89 80 70 49 48 65  59 16  47 21  2 99 14  3 54 79  79 46 22 98  2 91  89  51 49  75 14  29
 0  0  0  0   0  0  0  0  0   5 61  46 34 82 40 33  98 93 94 32 26 42 37  51 97 64  59 83 22 68 92 93 35 60 62 48   3 78 57  17  5 99  39  7  33 47  53 11  74 45 19 55 98  97 90  2 33 96 98 35  76   4  86 34  46  51  67 77 72 87  92 95  43 62  5 49 37 17  62 34  81 70 96 25 51 84 90 37  25 57 39 85 43 24  56  22 30  10 59  40
 0  0  0  0   0  0  0  0  0   0 32 100 50 13 54 63  82 55 92  9 34 86 42  56 79 26  73 50 80 80 46 41 94 66 43 92  35  8 34  59 15 63   9 69   7 11  88 40  94 79 45 64 58  93  7  7 63 59 27 45  78  47  88 65  37  55 100 31 67 72  18 51  74 80 17 91 81 21  69 56  33 51 66 67 31 68 49  2  41  7  1 13 57 50  39  35 33  13 38  44
 0  0  0  0   0  0  0  0  0   0  0  40 53 28  0 83  14 85 17 22 53 17 48   6 31 79 100 19 28 93 68 60 65 35 57 56   0 64 36  94 30 27  75 71  95 20  46 99  33  4 34 83 42  85 32 79  9 37  5 45   0  75  61 24  90  59  73 61 39 13  14 27  88 15 76 98 56  3  43 21  96 81 26 76 26 55 92 47   5 57 39 34  7 80  74  64 61  35 19  46
 0  0  0  0   0  0  0  0  0   0  0   0 41 37 82 92  30 99 42 21 60 17 42  47 25 95  40 96 13 45 52 29 80  2 50  4  14 20 37  95 78 64  10 63  82 17  82 62  42 40 18 51 18  68 51 54 93 37 80 77  30   0  28 28  94  85  50 79  3 94  29 67  52 15 42 24 19 43 100 95  76 90 96 67 48 17 21 35  24 33 41 58 64 40  24  89 33  25 67  44
 0  0  0  0   0  0  0  0  0   0  0   0  0 15 80 74   8 20  9 70  0  9 41  24 94 92 100 87 70 30 50 59 73 46 43 45  86 62 78  63 52 38  36 25  26  7  70 39  49 61 24 44 48  47 66 86 36 95 80 12  93  62  42 40  94  54  49 59 13 24  18 69  54 75 27 67 57 40  35 26  43  9 85 70 13 42 84 64  63  1 89 78 81  0  58  99 74  28 80  98
 0  0  0  0   0  0  0  0  0   0  0   0  0  0 10  6  81 88 66  1 26 84 96  63 86 24  97 47 40 82  2  7 86 74 22 70  62 35 16  75 54 35  97 37   2 42   8 20  51 46 60 39 64  13 74 70 65 22 31 53  28  96   7 38  55  10   9  7 74 28   5 82  51 33 50 76 28  5  10 62  61 30  8 38  2 72 89 22  49 56 57 67 34 70  14  86 83  18 21  27
 0  0  0  0   0  0  0  0  0   0  0   0  0  0  0 95  64 56 34 56 24 69 82  69 13 70  42 69 90 70 44 67 40 49 34 67  61 10 56  15 43 91  53 32  81  2   2 89  51 94 65 39 94  93 57 35  2 16 46 28   0  30  60 20  65  43  15  8 66 81  24 68   2 27 48 70 48 71  35 62  27 94  6 57 81 43 61 37  94 82 81 38 30 38  84  85 46  54 19  77
 0  0  0  0   0  0  0  0  0   0  0   0  0  0  0  0  44 65 58 63 47 99  9  55 73 52  37  5 94  3 32 67 40 30 15 14   5  9  9  16 44 57  58 33  11 94  27 24  79 53 35 96 80  75 72 88 77 65 43 52  92  74  94 83  25 100  40 96  2 74  74 34  10 94 79 52 59 96  47 41 100 60 69  6 47 10 40 85  56 54 87 64 28  3  63  56 11  71 58  18
 0  0  0  0   0  0  0  0  0   0  0   0  0  0  0  0   0 64 10 62 65 72 58  77 32 58  30  9 15 16 55 61 81 78 40 80  77 17 68  43  9 43  90 23  79 50   3 50  53 45 73 85 95  97 50 45 19 60 89 92  18  18  95 86  76  45  37 85  2 65  45  1   3 95 95 77 64 56   3 86  18 77 86  4 55 68 85 54  82 45 14 57 93  2  56  32 31  24 95  30
 0  0  0  0   0  0  0  0  0   0  0   0  0  0  0  0   0  0 24 77 94  5  2  42 82 29  83 43 10  4 99 22 66 26 20 37   1 11 56  70 31 92   9  2  82 30  51 46  91  8 74 61 31  96 77 48 29 72 66 25  95  28  97 37  10  64  85 43 88 12  22 50  60 47 86 16 74 57  60 64   6 12 40  0  5 78 74 81  12 51 51  3 89 68  90  72 80   0  4 100
 0  0  0  0   0  0  0  0  0   0  0   0  0  0  0  0   0  0  0  1 88 25 19  63  3 32  98 69 77 90 69 37 72  6 91 38  20 34 88  18 17 73  57 39  55 78  85  8  81  3 90 69 93  83 84 74 23 84 31 99  58  28  48 25   2  46  15 74 32 84 100 94  60  8 76  9 44 24  26 70  26 51 96 55 10 68 79  6  14 95 17 45 86 53  23  69 80  38 49  51
 0  0  0  0   0  0  0  0  0   0  0   0  0  0  0  0   0  0  0  0 75 61 51  82 47 91  79  3 85 62  4 11 80 32 29  6  68  5 22  93 25 93  73 26  80  0  70 38   8 76 29 35 92  12 37 77 39 80 77 97  89  53  86 93  67  24  90 59 50 75  22 35  78 62 42 27 56  7  62  0  71 30 37 14 97 95 35 57  80 13 21 53 53 20   5   1 30  29 65  99
 0  0  0  0   0  0  0  0  0   0  0   0  0  0  0  0   0  0  0  0  0 10 84 100 21 31  63 92 51 32 32 55 95 44 69 72  37 93 71 100 44 88  10  1  80 71   1 85  70 73 33 62 79  18 44 29 78 88 58 46 100  27  21 11  99  41  69  0 53 39  17 28  85 34  1  5 87 69  35 29  30 59 27 88 84 55 95 87  25 81 81 35 96 20  10  13 65  94 43  89
 0  0  0  0   0  0  0  0  0   0  0   0  0  0  0  0   0  0  0  0  0  0 11  97 73 50  99 59 64 98  1 34 13 82 65 97   0 79  9  89 13 24  87 14  92 90  42 25  82 10 30 95 48   0  2 19 49  0 17 89  35  82  28 28 100 100 100 40  3 17 100 26  52 75 93 91  7 94   3 24  91 77 73 14 29 37 41 20  12 24 68 13 57 68  72  59 38  23 42  88
 0  0  0  0   0  0  0  0  0   0  0   0  0  0  0  0   0  0  0  0  0  0  0   2 16 40   3 19 31  4  6 72 50 68  1 40  61 58 16  55  0  0  72 40  25 37   3 23  23 94 75 45 40  93 89 20 96 67 62 29  42  99 100 82  46  89  81  0 26 76  24 50  36  3 96 20 73 54  77 65   1 23 67 73 62 93 42 33  99 50 37  6 39 99 100  44 75  86  2  95
 0  0  0  0   0  0  0  0  0   0  0   0  0  0  0  0   0  0  0  0  0  0  0   0 77 49   5 61 62 64 69 61 70 44 29 70  21 49 74  31 88 33  31 53  60  3  69 62  18 81  0 55 67  78  3 25  1  2 71 37  70  13  73 36   7  91  42 78 68 70  22 52  70  7 49 94 29 52  78 23  29 38 27  0 55 77 51 84   1 66 68 71 20 40  57  45  3  75 20  53
 0  0  0  0   0  0  0  0  0   0  0   0  0  0  0  0   0  0  0  0  0  0  0   0  0  8  43 83 12 92 11 70 35 73 87 47  32 55 66  31 11 40  50 89  80 97   3 98  74 10 74 34  3  59 36 20 66 51 24 87 100  44  35 97 100  59  70 72 70  8  36 68  80 43 18 81 92  7  23 69  80 95  8 89 54 96 80 90  58 94 82 34 56 81  16  87 30  78 39  22
 0  0  0  0   0  0  0  0  0   0  0   0  0  0  0  0   0  0  0  0  0  0  0   0  0  0  12 11 43 39 41  5 51 78 99 18  69 84 81  62 66 26  65  7   3 22  20 49  60 46 45 58 59  50 20 41 26  8 18 50   5 100  78 26  76  77  39 74 62 92  91 32  17 11 58 21  8  3  31  0  79  0 17 20 85 74 37 93  17 71 25 90 55 14  50  47 44  92  7  64
 0  0  0  0   0  0  0  0  0   0  0   0  0  0  0  0   0  0  0  0  0  0  0   0  0  0   0  2 74 80 31 60 30 43 40 55  21 67  0  54 82 70  85 44  94 14  28 92  23 31 57 28 78  78 77 95 93 95 23 29  29  19  58 68  36  32  49 76 40 13  33 73  86 24 18  6 71 25  99 60  42 38 62 59 23 88 80 22   2 78 46 43  7 49   7 100 89  57 67  45
 0  0  0  0   0  0  0  0  0   0  0   0  0  0  0  0   0  0  0  0  0  0  0   0  0  0   0  0 46 78 70 20 52 88 68 95  98 92  6   0 36 23  64 10  59 97  56 71  28  8 18 67 86  28 34 54  6 39 55 99  24  50  65 99  79  41  23  7 64 75  46 95  62 78 30 10 35 84  95 45  22 57 46 20 22 17 16 89  67 63 37  0 44 23  50  70 83  48 59  38
 0  0  0  0   0  0  0  0  0   0  0   0  0  0  0  0   0  0  0  0  0  0  0   0  0  0   0  0  0 65 70 44 10 37 42 70  42 61 28  17 68 27   2  0  19 52  34 82  27 46 75 89 15  86 89 32 39  9 71  8  81  80  66 38  50  98  21 30 86 36  72 29  75 19 37 74 36  7  16 38  47 91 20 11 66 81 47 64  11 21 72 89 23 26  47  85 68  77 81  51
 0  0  0  0   0  0  0  0  0   0  0   0  0  0  0  0   0  0  0  0  0  0  0   0  0  0   0  0  0  0 76 12 74 18 71  7  23  5 53  37 67 18  43 76  95 18  32 73  99 38 63 85 44   9  9 56 91  7 25 26   9  59   8  6  41  56  15 55 50 16  14 48  25 67 40 28 95 38  45 45   3  6 40 74  9 99 91 61  21 44 72 15 97 69  81   0 58  89 44  93
 0  0  0  0   0  0  0  0  0   0  0   0  0  0  0  0   0  0  0  0  0  0  0   0  0  0   0  0  0  0  0 29 34 90 28 79  39 92 61  39 37 36  18 99  99 17  32 55   9 58 79 88 72  22 21 76 50 96 73 88  78  55  78 62  29  52  50  3 67 84  40  3  63 73 79 25  1 70  90 43  94 75 22 85 26 67 65 41  13 13 12  4 78 56  68  10 48  84 12  98
 0  0  0  0   0  0  0  0  0   0  0   0  0  0  0  0   0  0  0  0  0  0  0   0  0  0   0  0  0  0  0  0 34 72 74 90  99 65 16   5 44 13  98 18  87 56  95 80  13 63 57 19 26  11  6 19  3 72 41 66  38  90  17 89  54  46  33 32 86  8  65 75  12 52 20 25 66  8  83 10  67 80 43  1 40 65  5  6  59 56 95 64 44  9  48  52 53  70 73  18
 0  0  0  0   0  0  0  0  0   0  0   0  0  0  0  0   0  0  0  0  0  0  0   0  0  0   0  0  0  0  0  0  0 16 99 30  21 50 21  19 10 11  29 42  61 22  93 63  36 63 60  8 62 100 25 93 23 34  2 22  60  47  45 41  60  80  48 35  3 51  67 13  58 89 81 76 91 91  82 22  96 15 65 36  4 15 55 14  93 94 79 79 96  3  46  72  2  69 37  21
 0  0  0  0   0  0  0  0  0   0  0   0  0  0  0  0   0  0  0  0  0  0  0   0  0  0   0  0  0  0  0  0  0  0  6 80  39 22 44  55 95  2  30 25  15 15  21 81  77 78 76 82 78  13 21 98  4 54 17 17  79  28  54 41  19  49  29 67 52 82  76 22 100 24 59 95 94 67  98 35  40 65 12 25 67 49 89 66  10 53 12 92 89 34  86  41  7  32 69  88
 0  0  0  0   0  0  0  0  0   0  0   0  0  0  0  0   0  0  0  0  0  0  0   0  0  0   0  0  0  0  0  0  0  0  0 60 100 91 79  63 94 70  32 53  12 16  78 51  37 41 89 87 87  63 84 38 48  2 61 78  42  80  23 75  51  10  73 65 76 58  60  4  41 22 64 26 69 87  46 42  50 38 83  4 81 87 94 42  99 67 20 54 51 21   8   9 93  10 20   3
 0  0  0  0   0  0  0  0  0   0  0   0  0  0  0  0   0  0  0  0  0  0  0   0  0  0   0  0  0  0  0  0  0  0  0  0  83 92 24  97 46 11  78 55  63 33   6 84   4 52  1 52 25  88 60 26 82 44 71  2  77  54  45 99  79  39  57 33 83 78   0 37  34 39 42 25 48 15  81 13  45 78 20 56 13 40 41 56  93 86 63 82 37  4  50  55 46  18 31  50
 0  0  0  0   0  0  0  0  0   0  0   0  0  0  0  0   0  0  0  0  0  0  0   0  0  0   0  0  0  0  0  0  0  0  0  0   0 19 31  75 53 64  38 41  42 20  92 61  91 79 51 10 25  10 91 32  4 84 28 77  99  15  70 59  81  73  14 24 36 80  74 38  11  6 58 43 50 32  11 50  10  1 24 24 72 29 95 30  77 45 70  6 15 73  17   2 11   8 22  49
 0  0  0  0   0  0  0  0  0   0  0   0  0  0  0  0   0  0  0  0  0  0  0   0  0  0   0  0  0  0  0  0  0  0  0  0   0  0 87  71 89 16   7 38  10 47  12 74  39 61 60 59  5  31 26 74 74 97 40 71  86  90  26 78  44  76  66  6 11 98  94 30  91 85 34 91 46 97  87 48  47 33 48 19 38 58 78 43  96 31 29 27 83  5  70  21 75   6 13  77
 0  0  0  0   0  0  0  0  0   0  0   0  0  0  0  0   0  0  0  0  0  0  0   0  0  0   0  0  0  0  0  0  0  0  0  0   0  0  0  75 60  3  50 43  37 45  16 29   2 87 54 32 82  76 70 69  0 36 19 22  76   3  47 23  95  12  54 53 31 66  19 72  81 60 12 17 46 83  54  5  25 53 30 47 13 23 68 86  75  8 20 59 36 13  41  51 29  77 69  60
