1
100 100
 22 64   9  5  82  46 31  50 81 63 68 12  60 65 41  7  25  40 80  50   4  14  79  26 54  18 56  40 24  75  96  94  64   9 52  45  40 99 68 46 100   8  77  17  61  36  10 17  13  49 62  22  86 81  75 12  47  24 37  79 80  16  51  31 61  62  28  83  64 66  43  48 100  89  44  41  63  39 32  97  1 87   0  29  79 76 68  82 75   9 50 62  73 52 74 95 33  96 66 49
 72 90  28 88  18  52 58  62  2  5 38  3  41 18 26 50  18  19 68  20  91  83   9  21 27  71 91  57 53  78  49   0  16  38 34  17   1 91 35 22  39  47   5  24  57  88  81 35  96  57 24  64   8 62   8 19  89   9 67  70 52  73  92  90 45  31  12  48  59 18  25  51  30  75   0   0  53  98 77  23 13 79  32  43  98 61 93  19 72  67 62 52  78 63 75 60 79  52 57 67
 60  6  12 41  78  67 48  69 27 44 85 30  73 22 92 62  42   9 63  81  31  55  86  71 27  80 11   8 46  66   5  18  98   9 19  14   5 63 12 79  83  52  70  99   9  54  86 85   2  86 61  55  80 58  69  3  45  40  6  25 60  74  93  68 14  53  38  52   8 91  36  48  79  69   6  35  64  19 28  31 39  3  52  24  94  1 12  75 48  41 42 24  94 92 77  8  4  94 94 68
 92 48  72 11  66  28 86  63 50 11 19 25  46 35 79 41  32  74  4   7  79  45  43  77  4  86 64  15  0  34   3  18   1  72 36  32  93 77 24 14  67  80  28   5  81   0  88 19 100  57 36  18  59 35 100 90  31  38 55  70 87  75  36  60 13  51  33  72  25 57  24  77  44  70   3  66  76 100 22   4 98 10  39  88  95 86 53  33  8   6  3 15  50 77  7 75 18  59 57 77
 94 91  88 94  30  86 93 100 87  3 41 16  13 68 31 26  91   2 29  15  98   8  89  80  9  81 56  64 24  46  67  74  89  15 80  99   1 27 75 57  66  55  66   9  84  72  99 85  15  62 81  79  43 64  43 37  59  23 98  82 14  10  59   2 33   3  19  47  71 80 100  19  75 100  24  22  59  72 61  73 54 77  35  17  87 38 75  26 72  70 57 51  28 84 41 35 71  97 82 22
 45  8  90 23  55  79 28  32 22 35 27  0  19 16 86 85  28  64 61   7  70  92  68  28 71   6 84  26 52  36  67   2  26  66 68  11  46 10 55 29  36  68 100  16  35  83  22 91  20  40 20  12   5 69  29 34  75   5 51  44 57   9   5  86  7  98  56  88  61 40  29  40  59  67  95  15  62  66 17  33 84 33  69  52   7 38 85  86 79  84 51 32  30 13  7 67 16  24 19 22
 46 89  63 63  92   5  2  95 90  4  1 13   2 84 75 12  66  88  4  69  27  59  47  42 70  60  2  51 70  33  35   6  47  50 54  78  23  2 97 35  30   5  33  36  92  96  15 58  59  90 40  96  14  8  17 89  13  51 99  39 24  94  33  67  1  54  40  94  48 51  94  11  22  44  25  59  57  88 55  72  0 17  42  86  26 63 66  42 36  40 24 78  35 18 67 12 70  63 54  2
 15  6  72 36  44  42 30  30 49 72 30 41  86 13 95 29  29  72 79   3  92  16  35  23  3  24 88   6  9  39  90  60  50  59 77  29  29 12 99 45  39  45  48  65  63  42  89 65  92  25  5  71  41  9   5 85  71   5 31  22 16  95  21  60 48  36   4  69  86 95  99  10  17  74  74  78 100  44 57  26 85 91  70  16  59 47 55  13 25  28 21 77  21 50 34 82 68  65  1 10
 14  1  95 52  24  22 44  84  7 16 37 52  86 58 75 66  25   5 95  98  33  81   1  53 95  43  6  89 29  78 100 100  29  79  5  49  97 23 96 35  80  81  20  34  31  20  76 52  27  63 39  14  66 72   3 92   4  28 39  93 37  31  37  34  4  60  11  43  48 68  73  93   1  89  15  35  65  73 22  54 71 46  22  46  24 98 18  91 68  61 68 27  68 66 67 11 51  76 93 89
 73 26  89 32  82   5 72  95 97 10 47 27  53 96 82 25  33   5  1   4  91  51  84  50 86  30 74  71 63  55  58  73  79  64 32  92  56 92 15 10  73  53   7   7  21  81   8 97  37 100 68  14  60 63  40 41  60   2 95  37 70   8  81  88 74  68  35  28  38 71  62   9  14  44  92  71  80  61 17  54 28 84  16  16  64 40 57  44 50  80 31 43 100  2  9 36 83  94 31 34
 41 56  34 30  52  95 44  83 73 26 36 32  16 43  4 96  47  93 39  75  38  33  90  81 80  93 45  23 65  75  21  45  12  13 75  82  98  2 96 70  34  68  15 100  47  68  46 35  86  85 65  61  25 24  99 54  24  77 86  98 62  90  97  98  3  92  47  77  15 45  90  90  73  64  82  67  26  68 26  88  4 19  15  83   7 61 57  22 97  87 62 29  97 35 77 82 43  83 84 77
 96 58  14 35  55  11 43  65 39 60 61 50   8 54 44 23  66  74 64  10   5  38  58  77 66  62 80  86 64  32  32  71  59  80 88  54  48 11 27 45  17  56   5  62  18  51  45 81  90  41 20  56  12 20  78 59  96  23 65  89 98  43  48  64 96  23  83  69  86 83  69  26  20  47  64  99  89  61 49   4 89 53  66   1  30 55 35  80 23  79 54 44   0 68  6 25 34  56 23 94
 78 93  50 67   8  80 44  89 91  2 63 39  55 16 72 23  57  15 25  98  72  44  71  28 80  21 70  10 58  25  86   8 100  82 70  17  18 72 72 13  96   0  91   3  52  71   3 98  46   1 18  13  87 13  10 62  54  71 79  81 50  67  69  64 90  96  76  54  38 59  94   4  89  98   2  84  36  27 94  11 97  9  17  35  29  2 79  54 63  51 77 35  18 16 68 58 93  13 63 32
 93 73  24 47  35  21 22  80 42 27 54 22  24 32 74 99   7  56 24   9  13  65  94  19 11  45 78  77 23  69   4  37  48  84 90  65   2 68 77 60  90  85  44  60   0   3   7 98  78  30 45  93  30 49  66 12  90  21 35  41 89  14   0  86 38  62  35 100  89 24  30  36  32  73   7  66  61  43 52  71 60  8  49  80  90  0  4  35 67  37 22 89  73 79 49 48  8  32 17 77
 18 83  92 54  93  53 16  48 76 53 72 80  79 96 91 21  15  59  7  23  52  66  17  11 36  25 15  20 76  10  17  78  19  69  2   5  96 14 91 77  44  59  18   1   4  73  76 95  14  64 66  59  96 95  17  5  49  16 65  42 85  14  38  80 59  67  42  10  83 39  34  43  65  14  90  57  45  90 44   1 19 55   7  41  46 46 74  51 66  15 56 12  85 56 79 80 32  53 19 75
 39 52  73  7  14  73 82  91 15 58 74 40  98 60 91 45  40  19 32  52  62  59  60 100 53  16 85  41 88  37  81   4  77  36 42  17  19 20 16 88  28  27  52  93  18  68  94 76  34  60 33  35  37 72  17 65  18  26  0  99 94  22  56  66 72  29   4  89  68 93  19  62  44  45  81  89  87  44 67  46 47 84  73  66  43  1 80  45  2  28 69 93  65  0 55 80 87  26 45 15
 83 29  90 69  12  91 44  71 14 53 85  4  82 87 40 95  44  49  4  22  56  60  37  76 49  85 98  38 98  43  61  27  53  86 86  11  38  2 83 40  54  33  69  33  77  42   7 59  95  52 55  68  34 69  23  3  22  41 79  43 98  35  19  48 92 100  55  96   8 83  89  18  32  61  77  15  73  38 88  67 22 38  54   5  64 32 53  27 56  13 43 86  77 37  2  2  7   6 77 84
 26 37  44  7  52  79 49  78 89 64 81 21  25 59  6 85  75  67  4   0   6  85  19   9 88  88 66  72 20   8  26  18  52  40 28  48  10 15 35 76  62  21  77  52   0  91  30 29  12  10 39  32  87  6  46 80  15  34 40  16  5  93  56  62 20  25  52  53  51 94  99  47  69  69  50  73  34   8  2   9 31 83  50  70   2 89 93  42 85   4 31 31  16 92 68 68 63  17 96  5
 62 65  14 51  15  36 14   3 93 31 15 28   5 50 63 62   0  72 33  22  95  27  31  71  4  27 43  81 79  82  45  96  85  42 41  60  90 74 87 70  17   6  35  31  30  83  94 34   8  75 36  43  87 11  58 40  81  11 28  15  0  17  36  79 75  35  33  24  99  6  87   6  72  84  19  76  79  86 19  46 35 92  69  69  95 86 84  87 48  83 86 23  57 30 45 87 71  89 81  8
 35 30  66 78  65  37 38  43 24 56 78 14  29 64 58 30  22  24 92  10  49  54  78  13 79  64 89  41 30  84  81  55  98  14 42  19  20 49 30 48  31  30  90  48  69  61  99 59   9  49 81  10  79 81   0 89 100  67 85  78 58  87  64  90 11   6  66  99  95 49  57  60  30  61  85  33  96  78 19  45 79 53  88  16  33 72 44  83 89  53 36 90  43 50 51 45 76   7 30 82
 31  4  28 51  17  30 70  62 40 16 56 37  45 23 43 44  58  84 65  12  54   1  26  62 94  66 55  74 25  61  17  79  66  26 28  82  89 80 61 82  39  45  82  70  99   7  13 60  89  95  6  79  15 57  12 80  54  11 38  88 65  90  51  27 40  72  79  32  96 88  13  24  13  25  27  40  82  14 33  52 65 91  44  19  25 89 97  52 29  51 46 55  76  9 87 38 27  76 75 94
 49 40  84 87  68  94 79  15 21 43 23 58 100 14 24 50  75  99 46  98  38   9  16  64 61  64 48  83 63  85  50  78  25  90 33   9  88  6 19 16  53   4  38  82   9  75  78 10  68  51 50  15  31 85   1 61  17  98 54  20  0  11  52  62 33  81  41  82   4 91  89  14  19  76  55  61  44  72 89  90 18 38  75  65  49 39 24  78 56  90 96 46  99 87 61 30 84  86 99 73
 11 25  30 96  28  82 39  33 32 11 32 67  44 40 46 63  22  53  4  13  53  41  36  79 65  13  5  76  3  34  35  94  11  19 59   0  71 51 28 88  85  80  27  36  30  12  43 77  88  54  2  99   0 97  68  0   9  85 77  68 75  35  28  61 87  96  76  84  19 73  89  47  53  93  95  31  78  73 91  78 14 18  86  80  77 26 70  58 37  70 45 95  60 64 63 84 22  54  3  3
  9  4  19 21  31  33 65  94 40 67 63 12  37 30 49 45  29  72 61  74  95  23  83  85 54   4  8  44 77  33  22  75  75  94 10  65   3 82 77 26  18  58  60  60  13  21  70 63  71  22 56  37  92 44  27 65  59   5  4  27 13  67  87  54 82  99  45  79  96 66  11   0   2  18  72  18  13  14 30  58 49 10  86  12  82 42 58  28  7  13 96 58  58 66 92 88 19  63 49 10
 25  2  47 55  84  69 43  53 71  5  6 73  32 23 54 65  69  75 68  47 100  71  31  39 94  23 36   0 44  64  46  26  26  47 17  37  12 18 77 73  66  14  93  21  87  74   0  9  42  84 95  42  41  1  46 24  82  40 42  21 33  65 100  41 10  20  31  99  34 42   8  96  50  83  46  87  16  49 90  35 18 45  24  36   3 80 63   1 97   9 86 18  84 21 84 10 25  55 32 91
 87 14  63 26  25  69 98  19 92  1 98 49  57 27 51 30  61  58 64  49  18  39  25  72 18 100 46  22 78   0  32  33  46  64 92  41   3 97 34 60  30  10  36  81  21  35  53 12  80   4 87  99  36 70  95 58  20  16 85 100 71  83  98 100 62  74  56  99  69  2  86  77  49  77  84  41  95   9 26  80 21 65  90   9 100 43  4  53  9   3 44 55  30 83 72 29 87  77 43  6
 14 87  49 82  75  14 35  21  5 18 62 35  24 89 89 72  16  38 90   0  91  74  81  39 13  79 74  60 50  59  70  70   2  71 37  74  44 35 46 37  82  90  67  61  60  33  10 54  86  93 56  32  87 82  33 83  89  32 99  16 76  55  20  53 39  11  61  55  97 79  26  51  43  23  24  67  62  50 38  46 64 89  79   7   9 41 86  27 17  18 16 40  31 44 99 15 69  37 32 38
 50 88  21 43  95  44 61  50 68 14  5  8  79 30  0 35  24  63 63  10  87  82  10  75  4  99 99   8 33  73  43  76  38  71 56  94  39 54 58 66  55  70  25  95  29  60  21 99  88  86 21  83  39 88  39  3  90  35 90  62 16  61  19  98 12  78  74  58  87 18  70  67  32   9  35  69  45  87 60   1 84 86  36  72  37 18  4  18 96  65 86 50  86 11 71 27  8   1 31 87
 52 79  17 97  22  67 77  86 30  3 86 88  11 34 80 49  60  20  3   4   2  91  72   3 96  72 77  66 74  41  72  59  43  53  4  28  40 53 65 86  28  35  17   3  86  34  58 95  19  27 50  97  71 21  30 71  51  88  0  71 11  48  26  20 42  62   8  71  42 29  90  90  88  47  17   4  27  20 26   3 23 45  23  77  35 45 50  48 85   2 99 60  98 96 75 68 47  67 92 24
 72 38  69 18  92  16  4  95 27 67  4 14  70 19 72 94  94  18 57  88  85  90  31  41 43  95 10   2 91  67   2  33  67  66 93  61  94 46 23 85  83  76   7  15  86  84 100 84  32  43 30  39  99  3  67 48  50  23 10  88  2  92  23  84 22  26  28  71  74 28  11  97  30  83  93  14  42  67 48  49 61 38  73  89  72 96 67  31 56  95  0 11  30 85 27 97 46  21 89 21
 90 76   1 78  75   8  7   8 28 14 29 98  31 46 17 12  85  57 36  41   3  41  61  28 43  73  8   0 97  44  60  82  16   5  0  35  62 76 97 48  30  15   3   3 100  38  95 60  29  25 81  25  48 62  66 47  71   7 95  93 76  80  82  11 58  82  55  17  58 43  98  12  64  85  53  83  53 100 15  40 72  9  58  94  64 39 27  67 23   5 27 99  16 36 70 54 38  36 76 46
 19 21  40  3  58 100  8  61 86 62 13 14  78 92 72 82  62  54 46  25  47 100  57  97  3  63 47  21 91  55  78  58  74  56 59 100   1 17 76 77  20  54  93  42  25  31  83 69  36  45 66  31  97 81  63 68  34   1 17  65 24  44  13   3  3  13  79  45  96 97  84  57  95  78  52  34  75  43 23  86  1 76  80  87  74 39 51  43 65  57  3 98  11 28 56 25 78  48 96  8
 20 88  22  1  66  26 60  47 93 30 10 54 100 12 37 43  94  69 85  95  81  54  63  77 69   9 17  26 99  52  11  12  23  64  6   3  25 21  2 94  35  55  48  24  22  26  35 63  25  36 24  90  61 15   6 32  94  25  5  53 86  88   3  62 71  76  41  17  29 87  85  58  21  84  98  72  47  36 85  11 15 93   2  36  90 63 81   0 30  91 12 57  35 47 31 29  5  37 56 92
 12 41  86 96   1  17 16  53 58 18 56 84   4 61  5 70  73  82 71  93   4  81  19  71  4  71 70  44 47  18  86   5  48  90 21  71  17 47 74 75   5  59  33  10  62  79  56 84  28  17 98  52  46 92  16 58  34  52 72  40 18   0   6  37 61  77  47  59  74 83  55  69  83  37  19  24  28  37 92  39 72 30  99  68  46 25 53  42 94  84 13 85  21 76 48 76 56  20 53 38
 65 93  18 94  82  27 14  11 16 22 82 61  42 55 49 79  37  90 86  38  53  26  23  73 16  53 73  92 62  65  31  12   4  57 53  35  20 88 32 45  89  16  50  67   5  93  28  7  33  90 68   9  41 83  82  3  39   6 60   3 69  12  81  60 62  84  72  45  77 79  31  72  44  87  55  82  53  39 62  12 90 27  61  33  70 37  7  83 36  71  5 51  52 76  9 63  4  51 57 26
 11 60  95 96  17  69 37  88 85 95 86 32  58 79 75 41  73  24 41  16  99  60  17  87 95  97 97  93 79  57  84  36  30  94  2  26  39  7 12 61  11  64   6  37  60  73  72 16  70  31 74  76  29 71  93 76  15  19 73  66 14   5  47   6 48   1  86  70  74 73  42  55  33  64  52  98  67  33 98  85 62  9  24  14  41 37 14  13 81  79 96 65  49 98 52 13 60  98 14  5
 97 30  95 51  12  25 84  17 52 57 70 10  15 37  2 61  85  92 66  22  86  76  93   7 64  30 65  22 88  26  93 100  94  93 95  39   1 16 38 86  98  17  20  90  41  16   5 78  76  49 17  50  80 89  69 72  61   5 91  87 54  77  69  88  7  37  99  59  82 81  26  37  83  20  14  91  89   7 91   7 38 62  90  27   9 98 58   4 81  24 16 16  45 81 64 57 78  10 29 36
 99 25  78 76  63  18 38  60  1 93 64 80  98 46 99 68  34  61 10  41  75  46  17  66 23  98 78  51  9  19   5  48  30  65  4  16  59 72 81 62   3  95   5  24  14   7  45 68  17  37 18  45 100 64   4 48  27   5 25  77 87  61 100  91 70  95  36  70  35 38  59  15  70   0  18   4  59  10 18  60 29 61  99  66  88 95 25  29  5  75 32 42  62 17 25 20 10  64 16 40
 88 35  38 61  72  55 69  33 89 22 61  3  26 39 74  2  37  88 78  78  30  70  79  34 96   7 49 100 22   8  69  88  64  99 77  60  12 76 74  9  21  30  46  21  15   7  82 54  54  64 66  29  47 36  94 15  86  86 86  96 77  55  29  52 15   3   1  21  90 31  82  93  38  90  25  26  61  15 92  33 17 72  28  54  88 14 54  55 47  39  3 65  49 86 29 94 88  71 30 48
 45 76  31 89  36  55 30  48 14 37 42 78  98 30  7 25  25  48 73  68  55   2  23  56 83   5 43  99 88  35  11  82  81  74 77  35  95  9 16 62  61  50  57  95  51 100  41 61  34  82 67  76  29 81  33 41  37  33 16   8  4  51  37  37 46  27  22  25 100 68  53   2  72  24  66  35  27  95 40  56 37 27  19 100  59 73 40  68 26  80 73 82  70 58 12  8 20   7 34 42
 83 34  87 26  83   4 28  11 51 71 38 79  10  1 50  9 100   9 80  87  83  41  16  91 19  63 86  87 52  64  97  76  42  67 36  61  85  7 44  3  13  46  26  94  79  40  21 99  35   4  4  24  19 44  46 52  77  61 39  31 89  80  30  34 16  28  82   0  27 23  19  17  98  21  72  20  20  12  9  47 31 28  18  45  95 70 24  78 70  31 96 79   5 15 39  6 25  94 38 87
 22 91  50 90  94  84  8  86 25  5  9 30  85 18 15 32  69  35 10  53  92  73  45   0 31  99 22  11 87  74   1  57  21  43 72  69  30 12 50 62  99  21  79  38  76  49   4 12   1  75 65  49  65 11  87 43  70   1  4  24 93  77  73  22 98  27  28  22  32 15  22 100  56   9  75  76  61   4 92  86 67 43  40  97  23 18 59  34 24  58 47  3  65 48 38 52 79   3 58  9
  6 15  26 61  55  54 54  14 88 35 28 25  68 23 77 18  85  29  6  10  45  21  68  57 95  33 92  81  6  36  65  16  40  56 73  54  32 31 54 47  41  34   4  18  20  11  34 42  82  86  7  87  67 76  26 17  53   3 67 100 96  25   3  60 90  83  87  62  81 40  70  92  58  74  25  90  71  41 62  51  9 35  15  51  53  3  5  17 75  95 42 40  13 99 94 71 18  16 26 51
 21 39  13 55  23  24 60  16  2  5 23 87  60  9 31 98  26  34 71  61  54  94  63  93 23  64 44   4 39  77  14  46  31   6 65  27  45 20 24  4  78  68  14  86   0   4  20 17   5  14 18 100  89 64   4 48  29  72 24  41 84  96  13  31 57  97  42  24   1 82  21   9   0  34  89  91  14  16 18  22 63 24  85  19  31 80 53  48 34   6 11 74  27  8 35 66 54  93 37 15
 95 92  25 15  71  52 28  49 38 90 66  5  93 71 73 91  39  67 40  22  97  75  14  38 97  65 78  14 21  86  73  57  70  94 72  78  50 95 36 84  76  38  15  57  87  17  82  0  82  22 29  16  71 23  47 46  76  36  7  24 87  70  72  76 72  34  33  91  13 94  73   3  83  44  70 100   3  70 49  67 29 74  12  22  49 33 91   9 77  32 46 65  60 36  3 83 12  55 47 27
 52 28  10  0   9  36 91  22 84 36 99  7  65 56 52 26  85  68 70  32  38  51  86  76 65  75 57  96 51  68  25  23  85  99 90  15  80 29 57 28   1  37  43  78  32  13  71 26  27  95 62  33  96  0  57  0  63  11 96  34  0  20  36  53 13  90  65  70  42  7   6  25  19  98  32  28  57  90  9  49 64 93  38  16   4 87 31  96 68  16 78 77  33  5 47 90 98  69 18 94
 86 38  15 70  14  90 72  12 45 37 53  5  82 77 93  8  74  81 42  42  96  36  40  74 71  13 78  18 52  86  82  71  17  33  9  80  52 64 15 73  29  65  55  16  22  36  92 33  18  59 19  44  77 11   6 79 100  12 29  50 10  92  99  26 12   9  52  83  48  7  96  43  20  60 100  70  59  86 89  79 91 11  19  10  14 88 37  83 59  63 55 64  73 80  8 70  5  57 84 54
 49 25  19 84  42  97 37  16 99 35 65 35  18 34 41 33  16  48 12 100  66  97  53  52 18  65 11  28 56  68  83  12  42  27 58  82  68 10 23 67  10   1  95  35  91  99  54 32  63  97  5  96  66  2  42  5  24  99 14   8 69  97  59  91 75  10  77  58  43 74  66  79   9  11  69  21  34  72 79   8 20 19  82  42  51  6 31  97 80  80 87 81  89 63 99 92 62  33 36 90
 67 15  13 35  11  40  5  18 65 42 17 90  81 77 26 62  23  17 26   7  10  74  38   0 28  22  9  68 84  51  27   4   8  24 89   0  87 34 93 84  55  98  85  59  56  66  42 33  65  41 50  38  65 55  25 42  45  22 91   5 71   7   4  22 49   7  20 100   1 43  51  14   3  21  23  56  72  88 84  33 66 29  67  37  32 92  8  25 13  63 17 25  34  0 95 69 73  84 72 24
 61 93  49 17  13  82 80   5 91 27 95 27  72 24 60 72  33  48  8   4  26   2  38  95 81  14 38  78 70  70  21  49  32  50 16  27   4  0 88 70  30  72  62  81  27  63   0  2  22  53 45  94  61 81  45 64  71  42 52  22 89  37  56  90  7  86  91   5  48 61  98   4   0  83  91  95  17   6 29  92 50 93  89  82  32 97 20  44 72  87 39 24  95 65 43 14 79  68 81  8
 65 47  75 63  84  83 86  28 99 73 70 86  35 39 20  7  46  10 70  61  87  92  62  15 65  16  4  94 70   8  80  23  52  19 78  93  66 65  3 85  40  82  48  48  67  89  87 22  77  50 84  76  75  4  46  4  35  11 51  60 43  42  90  76  0  91  26  83  30 15  45  26  17   8   2  13  95  93 63  35 24 27  45  47  59 79 64  45 63  78 28 59  46 21 23 53 41   2 59 66
 42 95  98 40  12  28 92  17 81 25 77 80   7 77 46 36  25  40 50  59  12  10  61  51 58  97 34   6 69  65  53  95  49  98 32  53  84 39 66 66  47 100  92  34  98  94  25 14  41  78 71  15  76 11   3 43  35  20 90  59 71  86  38  43 19   0  33   5   1 74  52  81  83  20  10  39  65  45 60  22 56 40  48  10  79 46 67   4 86  90 94 14  85 16 54 18 11   0 90 98
 96 47 100 56  46  15 54  60  8 83 87 36  59 52 89  1  24  85 56  70  90  37   8  95 95  20 60  77 26  48   1  21  47  39 60  52  70 69  7 61  32  33  57  12  28  66  49 54  20  43 59  42  68 37  36 28  27  32 11  84 59   2  34   8 21  95 100  91  90 71  73  57  12   9  77  19   8  49 67  73 34 31  79  30  85 27 43  75 24  73 31 93  61 67 66 76 13  35 80 28
 16 20  99 17  65  86 36  74 37 15 50 67  61 51 13 92  92  65  3  22  92  12 100  88 47  86 54  63 41  92  92  53  89  28  8  12  50 43 13  6  54  85  50   0  61  88  60 28  20  57  2  68  76 21  53 93  65  29 53  61  6  85  81  43 52  57  44  22  72 31  33  33  45  83  36  57  21  17  4  49 76 71  30  62  94 27 15   4 33  86 50 54  81 46 37 14 91  73 82 36
 80 46  65  5  33  20  1  79 51 99 33  4  36 66 89 34  53   8 44  92  88  30   4  63 51  51 41  24 90  34  18  57   0  98 60  49  84 14 87 11  69  14  53   2  59  24  60 62  73  31 97  88 100 59  40 92  21  81 84  44 88  69  41  88 80  74  72  22  84 14  81  37  67  94  16  40  61  15 21  52 15 77  33   3  11 95 92  32 77  12 95  3  86 48 30 63 46  46 39 38
 15 84  84 62  38  82 19  87 72 39 20 20  25 38 81 14  79  33 56  23  85  93  80  75 48  72 34  12 25 100  37  32  92  61 76  91  69 10 61 85  27  39   9  62  57  26  95 18  27  94 73   4  87 43  50 81  29  59 28  59 27   1  66  66 45  57  60  48   1  6  54  87  24  24  50  61  61  74 88  80 77 13   5  26  83 59 86  53 60  80 24 21  43 76  5 31 45   8 67 93
 37  2  61 61  22  92 38  12 88 92  1 55  60 79 42 37  85  69 54  73  37  35  28  13  0  76 40  67 69  10   5  70  74  41 99  52  56 75  3 33 100  84   6   1  97  83  82 95   5  95 69  50  49 84   3 88  32  75 76  44 17  41   6  18 27  17  15  12   4 53  20  94   6  27  26  44  28  52 58  53 91 42  98  33  58  7 45 100 43  14 72 98  88 12 34 98 53   6 21 89
100 80  70 52  67 100 10  52 29 65 70 41  60  6 37 43 100   4 58  74  72  73  73  57  7  57 51  22  1  81   8   9  91   4 43  18  88  0 76 99  65  58  16  62  30  65  89 20  51  98 59  72  33 19   7 47  23  53 74  50 35  59  35  48 63  23  84  90  19 49  35  11  17  47  93  32  17 100 84  49 81 52  15  66  35 65 39  56 34  96 29 67   3 12 52 26 75  51 57 92
 98 17  56 60  53  49  4  19 58 23 47 78  48  6  1 99  62  13 86  81  61  78  21  87 42  12 83   6 54  51  34  68  20  80  0  74  34 63 55 57  89  79  49   1  41  24  72 27  36  83 20  12  67 82  95 64   6  11 68  62 46  84  65  40 91  75   7  97   6 53  18  21  73  91  76  12  75   2 95  57 88 50  66  95  49 80 97  43 10  37  5 43  35 22 39 30 87  91 92 84
 77 89  59 85  15   7 36  74 68 87 38 79   0 39 57 97   5  91 41   3  98  95  18  31 12  93 70  65 87  45  57  68  44  96 44  60   1 28 98 28  97  61  56  85  18  41  96  0  66  58 71  71  80  7  99 37   1  98 78  35 96   4  40  19 84  55  69  24  38 60  54   6  90  22  98  56  10  33 10  11 25 53   8  82   8 40 10  16 72  27  4 47  97 98  6 34 36  99 78 10
 22 83  92 86  63  29 54  31 59 43 87 62  33 34 90 71  81  49 66  56  70  83  53  93 95  67 62  63 57  45  36  82  58   3 48  18 100  8  0 53  50  15  67  65  27  13   4 61  59  97  5  21  76 20  11 67  62  55 68  11 14   8  89  90 92  55  89  30  74 39  38   0  10  10  84  36  12  80 22  69 31 91  56  74  40 27 92  34 26  99 78 18  77 73 59 38  3  75 97 42
 19 54   5 34  24  96 88  27 57 24 42 87  98  5 73 98  56 100 96  46  30  50  70  26 55  95 13   9 66   5  21  91  99  91 56  54  16 45 90 37  52  30  36  34  16   6  62 83  15  75 77  49  87 38  86 11  51  72 61  26 59  66   4  38 40  31  88  15  13 69  57  26  81  94  86  63  70  88 44  67 23 75  59  13  20 58 57  84 78  14 93 83  89 63 76 74 19  98 34  1
 57 70  99 13  64  80 61  82 25 88 98 45  73 55 81 79  38  17 55  41  65  16  39   3 60   0 79  98 10  35  35  60  35  45 80  52  84 16 60 75  29  46 100  78   5  81  61 86  55  44 65  34  51 32  33 63   0  62 38  95 34  48 100  48 11  10  62   1   0 44  93  90  44  10  56   9  72  35 32  40 47 51   6  87  90 97 67  94 27  83 82 88  32 18 75 91 94  73 69 68
 42 80  57  6  75   4 41  99 93 16 44 28  42 56 70 13  25  79 69   9   7  64  76   4 65  65 60  74 86  53  65  11  10  77 48  10  47 40 48 42  27  11  83  82  78  94  22  0   1  58 77  77  50 57  84 89  56  99 25  18 32  26  39  63 89  28  27  35  36 10  44  51  34  20  87  22  30  69 85 100 99 99  61  34  80 41  0  34 14  47  4 72  74 20 33 64 60  95 98 25
 19 17  56 97  36  90 81  66 78 65 63 87  56 48 91 84  53   9 29  21   7   3  38  98 10  30 95  25 11   8  36  17  55  65 90  37  28 68 61 11  98  11  36   9  93  81  73  0  99  67 69  86  29 88  39 31  28   9 25  97 94  21  35  46 14  68  41  64  59 86  41  41   0  85  86  85   8  50 94  79  8 26  91  34   0 99 58  17 28  31 19 71  58 57 13 70  3  63 92 73
 32 89  21 97  18  77 31  54 34 35 47 91  58 32 56 33  18  21 25  47  63  62  34  57  9  39  0  84 50  35  53  97  30  36 42  35  69 20 89  5  36  62  26  43  39  32  21 46  28   9 43   6  18 59   5 42  87  77 38  72  3  70  54  65  0  41  76  48  21 30  78   3  25  51  50  14  11  26 63  18 61 48  55  23  99 11 77  13 57  89 25 54  22 58 36 28 18  55 59 57
 44 44  76 13  60   8 43  24 27 12 45 83  63 59 52 26  35   9 18  53  56  57  80  65 69  55 92  71 27  49  38  13   2  56 24  85  13 62 46 30  47  29  92  83  91  99  22 74  80  57 70  19  77  8  63 17  63  26 46  85 28  27  46  47 86  44  60  94  70 17  32  16  57  54  57  27  91  52 68  19 95 74  64  12  33 46 45  67 73   8 68 68  96 43 97 86 18  99 78 47
 96 83  64 72  44  80  6  95 63 76 22 56  87 48 30 54  22  93 33  49   4  44  74  71 67  38 74  41 57  48  65  60  83  15 89  98  73 42 79 58  10  37  47  29  47  85 100 21  44  85 50  10  68 15  52 51  13 100 99  22 51  26  29 100 59  22   3  19  69 68  76  32  14  95   2  47   2  75 14  11 99 47  77  53  93 98 16  19 18  41 49 86  40 47 70 64 67  32 41 76
 84 76  16 26  78  64 20  55 51 91 38  3  68 34 37  1   3  29  3  74  64  36   9  72 44  27 50  13 53   4  26  25  49  30 38  11  99 13 16 60  59  73  23  72  11  65  23 69  29  61 99  93   8 32  17  8  51  75 62  64  3  12   3  65 12  75  99  83  98  2  58  67  14  98  21  27   4  89 67  77 30 48  44  68  82 40 92  64 86  86 86  8  87 74 64 55 82  35 56 97
 36 10  42 38  42  11 76  13 53  8 36 68  61  6 34 45  18  59 67  92  53  83  33  82 29  97 89  85 25  62  37   7  30 100 33  93  62 84  0 35  83  11  52  55  25  60  77 57  72  47 63  80  63 65  31 59  73  98 75  30 55  22  14   6 80  52  33  19   0 39  53  15   8  73  65  70  20  77 32  38 50 26  81  82  55 55 60  29 46  39  8 34  95 17 88 72 96  90 64 42
 71 27  68 80  10  14 99  33 48 66 95 33  99 19 19 36  69   7 47   4   4  76  22  74 63  64 27  47  1  91  38  86  50  92 69  88  74 99 42 79  56  38  36  84  28   8   5 34  95  23 21  22  70 72  58 15  13  81 37  43 22  45  93  83 81  50  74  92  12 88  16  78  12   0  75  30  38  79 89  37  7 89  11   5  72 16 17  70 53  30  8 15  61 62  2  3 51  46 17 60
  9  4  36 66  94  67 74  41 33 97 30 68  60 72 53 78  46  30 40  90  70  30   7  23 61  79 54  30 67  84  74  76  49   6 58  25  62  5 78 50  80  57  98  25  50  94  58 68  76  56 25   5  49 57  21 89  61  42 51  41 54  25  54  40 10  19  45  22  54 99  85  69  14  60  25  65  68  98 48  79 37 94  39  88 100 33 79  25 95  38 66 66  59  1 29 47 74  76 67 56
 32 69  27 82   4   5 19  26 10 41 89 40  47 18 30 73  38  11 88  23  74  68  45  74  0  88 93  18 78  76  39  19  73   9 89  74  97 23 21 10  98  74  43  76  36  65  47 52  69  39 43  25  86 55  66 98  87  69 36  50 58  66  75  57 92  87  57  89  30 70  12  22  68  34  55  80  40  64 96  33 24 60   2  26  39 93 74  42 84  61 80  1  72 95  2 15 80  71 68 71
 63 62  82 21  90  75 39  70 31 15 28 35  15 70 25 69  30   0 14  66  97  17  25  99 89   6 29  73 59  98   4  91  72  66 75   2  30 34 48 29  46   7  64   3  50  32  65 45  95  67 63  18   5 77  40 42   8  60 69  25 78  69   8  43 33  22   2  90  20 74  94  25   6  51  91  55  64  49 66  54 44 88   6  74  18 48 72  97 18  53  8 18  37 78 14 23 16   7 85 85
 59 29  11 25  52  15  3  81 44 50 43 31  24 68 47 96   8  22 92  62   1  44   1  95 33  37 56  63 26  66  76  66  94  69 73  18  88 94 56 73  67   2  13  63  79  45  28 76  56  81 70  90  41 23  82 85  78  51  4  56 15  35  45  45 33  65  68  55  64  2  81  62  64   9  15  64  52  88 30  35 32 36  48  90  51 26 84  88 85  40  9 90   2 21 47 23  9  87 13 58
 51 80   4 54   0  76 75  29 79 39 37 74  18 21 27  4  48  54 96  42  93  20  12  94 47  17  0  65 28  27  82  53  85  11 99  83  70 76 90 54  51  72  21  78  74   4  26 93  67  56 65  80  33 62  10 38  69  10 87  46 97  13   2  16 89  89  55  48  34 61  55  36   1  29  41  85  88   3  9   3 87  9  32  78  43 43 23  59 81  68 37 19  56 92 88 49 20  46 57 26
 95  7  30 96   2  80 95   0 66 49  3 93  13 35 46  1  81  35 95  12  53  96  39  73 19  17 41  17 77  47  19  95  18  87 82  19  18 97 99 59  19  74  85   7  87  94  31 24  47  48 10  51  86 44  97 61  83  99 73   8 37  60  78  38 74  73  51  63   4 48  54  37  73   2  70  75  27  38 63  87  7 38   8  39   7 68 30  45 68  76  9 62  14 80 39 60 36  44 66 23
  8  1  83 67  86  27 69  92 48 65 93 79  13 93 66  4  28  92 62  29  29  56  58  81  6  19 90  74 78  11  45  32   6  48 31  54  14 17  4 40  15  46  46  94  23   6  56 42 100  45 43  48  39 59  66 72  38   2 48   2 70  88  85  88  9  85  65  81  64 82  78  54  92  89  13  12  15  27 48   1 65 73  59  11  65 81 45  61 85  70  5 29  61 24 99 58 24  75 28 36
 15 12  74  4 100  81 19  10 46 25  2 52  39 38 94 90  59  91 93   6   1   7   8  32 43  74 53 100 46  30  37  89  56  40 17  48  56 31 22 28  46  84   8  41  33   2  92 91   8  54 18   7  26  9  47 87  80 100 99  81 30  37  66  98 21  22  15  42  70 37  19   1   6  90  83  76  72  61  1  29  0 71  37  85  29 60 27   1 78 100 55 31  71 60 48 84 24  66 13 23
 92 68  61 68  72  71 54  17 53 21 59 52   0 88 67  0  73  72  0  31   9  83  96  85 47  77  5  79  4  77   9  99  41  50 66  43  28 30 12 42  46  79  93  59   1  62  66 44  72  85 60  67  86 95  13 35  25  55 50  57 99   3  98  63 19  53  27  25  60 28  70  13   6  77  95  46  48  76 51  34 10 91  52  39  32 67 79  21 60  57 74 56  55 87 91 88 55  78  7 54
 95 17  82 79  44  79 76  73 54 88 11 40  65 76 45 18  84  24 32  20  62  13  46  45 76  34 21  83 97  67  26  15  62  73 52  79  31 65 14 18  51   0  31  69  78  94  59 76  10  98 59  82  53 23  79  9  83  63 63  72 87  15  98  27 17  20  84  41  37 63  56  89  99  38  40  85  15  83 40  27 16 35  24  23  45 27  3  77 44  41 37 12  97 23 75 41  1  38 60 28
 86 69  28 71  76  92 99   9 84  5 23 66  37 68 67 17  49   0 31  67  96   3  63  52 52  74 72  77 54  96  22  95  40  70 27  61  70 74 30 20  27  68  17  91  17  94  57 86  56  97 45  12  46 20  38 99  88   3 69  51 48 100  30  77 97  43  36  58   8 48  13  29  76  49  31  20  32  26 18  49 98 84  52   4  52  3 42  70 71  41  2 50  45 10  0 19 13  62 83 82
 28 15  58 30  77  63 99 100 61 64 98  1  18 32 68 20  69  60 64  49  55  45  92  55 98  72 89  77 33  66  33  81  72  58 39  73  85 67 30 61  39  24  68  18  33   8  81 65  58  40 94  40  74 14  23 58  29  47 11  28 80  74   1  82 21  77  52  31  15 31  46  59  95  90   4   4  89  14 11  39 17 47  58  39  72 47 77  84 90  27 47 22  16 16 74 70  3  30 10 34
 14 26  38  9  61  67 10   4 89 49 77  7  21 73  5 39   4  71 65  97  67  99  34  54 30   9 40  82 62  46   7  84  86  89 17  20  95 97 92 29  83  64  36  50  73  24  99 75  84  77 85  27  41 29   4 47  51  40 50   0 91  20  63  17 12  44  90  11  10 10   5  35   5  98  74  72  93  26 42  13 52 92  94  82  71 95 77  96 16  22 86 64  47 47 16 16 41  39 80 49
 62 69   6 19  50  95 28  29 55 96 88 37  67 97 64 13  17  18  5  46  52   0   5  44 19  19 92  44 53  51  96  95  58  10 68  15  51 65 84 57  13  90  34  46  60  76  40 91  29  47 58  58   3 24  91 68  25  31 34  54 97   3  90  14 22  97  38  96  96 69   3  22  29  90  80  33  62  40 17  10 13 65   2  29  94 40 10  72 22  73 31 50   5 62 42 35 42  18 51 77
 66 98  64 76  83  16 91  82 47 54 65 78  92 79 70 73  75  37 52  42  59  73  99  34 85  75 10  78 20  99  76  68  46  71 22   9  79 68 67 83  37  80   0   9  18   1  19 62  37  55 78  44  24 61  31 80  53  79 55  25 82  26  41  52  0  33  71  76  11 76  10  11  95  27  78  17  12  48 68  70 81 30  33  26  15 83 73  80 75  45 81 28  49 31 19 59  9  27 24 11
 82 38  46 44  20  73 17  73 92 84 14 21  48 42 14 55   5  51 99  15   0  33  95  42 41  22 84  71 93  17  77   3  67  99 28  25  79  6 30 20  90   5  23  42  41  94  25 47  35  14 92  71  66 60   8 77  31  79 19  28 86  79  28  90 78  64  77  90  12 84  24  33  61  56  67   3  22  98 68  38 74  1  61   4   2 69 39  44 38  34 76 36  96 86 76 32 66  98 64 17
 81 29  31 37   3  82 92  47 91 37 60 14  19 42 57 48  89  29  2  83  27  48  58  59 11  53 80  90 16  95  60  60  39  60 67  75  35 16 95 59  21   3  34  13  87  97  89 23  45  93 48  65  96 85  45 57  97  12 31  44 43  85  17  74 48  50  35  36  29 72  93  23  86  26  80   1  90  21 61  81 46 46  86  79  56 36 72  55 66  40 19 81  98 85 88 74 96  30 82 52
  8 30   6 18  86  52  3  43 61 61  7 80  78 39 59 17  95  91 19  63  21  92  33  54 37   4 47  60 75  55  86  54  87  32 59  60  55 83  8 19  78  52  54  71  14  69  63 69  21  93 92  41  64 55  17 58  99  13 85  75 17  30   2  40 54  46  68  83  72 78  68  15  54  31  11  17  53  22 46  93 17 14  12  59   7 22 85  82  9 100 60 57  55  1 97 58 83  29 54 11
 72 70  42 98  53   9 53   3 56 11 58 40   9 25 30 81  40  76 94  10  71   0  93  45 44  24 46  10 33  90  69  73  73  72 77  48  18 49 67  9  90  87  71  74  33  15  37 28  31  24 12  53  84 13   6 34   4   1 24  62 98  54  95  35 99   6  32  27  94 81   3  39  51  15  76  34  93  50 89  44 95 67  13  73  76 81 22  99 95  99 50 79  17 46 37 10 89   9 17 69
 47 98  31 24  52  62 87  26 29 76 23 82  41 41  5 23  57  54 27  71  11  80  95   9 77  71 45  79 47  22  48  53  26  83 16  68  86 99 52 93   2  50  64   0   0  34  73 19  57  12 55  12  92 26  55 97   9  44 61  67 60  92  39  51 68  33   0  71  28 46  13  30  88  20  15  25  93  82 35  29 22 18  62  94  12 23 27  67 67  21 20 27  99 51 54 81 30 100 37 96
 21 94  39 27  60  48 22  23 87 39 29 58  43 36 95 99  95  83 81  59  53  34   0  96 97   8 87  70 97  37  48  16   8  32 66  15  39 48  3 92  46  45  43  33   6  18   7 47  66  64 17  39  90 85  56 49   7   3 86  67 29  52   8  88 99  70  59  77   0 60  90  13  48  53  98  45  68  72 41  47 83  7  72  98  40 55 93  51 10  48 86 71  61 78 15 57 82  30 58 22
 93 41  97 79  37  63 29   9 81 36 29 37   2 67 32 19  46  30 81  33   2  43  90  38 23  57 86  70 97  76  50  96  60  73 99  55  17 46 54 59  76  53  73  40  96  78  67 96  26  45 28   9  56  9  66 67  91  80 89  21 26  93  51  73 64  54  47  40  66 26   2  23  95  82  11  99  47  14 19  68 83 52  85  39  31  3 68  81 25  63  1 65  64 75 24 55 33  56 95 54
 91 97  82 80  20  17 34  77 32 83 72 34  93 46 90 75  83  60 37  27  78  45  23  26  2  64 51  50 89  42  66  14  75  23 37  88  92 43 99 77  56  51  83  81  17  27  99  8  93  34 39  20  37 57  87 45  60   5 90  98 39  54  94  50 98  40  46  95  80 16   0   4  67  74  94  26  37   7 59  84  9 66   8  71  79 79 93  33 51  96 89 92  86 37 88 82 30  25 41 15
 62 62  39 67   5  15 45  41 58 67 15 53  81 83 27 21  71  41 76  62  26  90  90  32 95  80 96   0 50  30  99   8  56  21 38  40  92 38 72 63  35  25  58  33  37  66  34 45  89  61 80  27  37 14  59 50  96   2 99  45 43  14  99  93 53  96  42  67  16 49  29  88  13  82  77  76   7  28 28   0 47 42  67  76  15 53 38  96 12  34 20 12  79 25 24 19 73  67 36 11
 84 22  15 46  44   0 25  92 68 44  4 66  27 40 77  2  55  86 49  40  69  15  63  65 75  53 48  84 33  50  85  14   0  81 67  65  35  0 30 71  62   0   1  77  27  94  23 83  83  67 63  18 100 83  92 10  15  11 53  68 14   9  31  65 66  70  55  15  21 45  30  65  19  67  37  83   8  45 97  15 88 46  56  41  82 18 41  57 10  22 35  1  34 31 33 94 55  37 26 49
 77 43   2 60  79  32 74  28 31 50 68 78   6 10 88  2  23  71 41   9  84  69  50  30 42  72 76  97 18  35  50  63   0  15 88  75  58 89 45  5  46  95  81   2  18  98  56 11  49  90 40  46  17 78  50 19   0  79 31  25 87  20  42  66 98  71  89  19  78 48  91   3  76  56  39  67  76  20 64  80 73 34  44  58  42 53 52  12  7   5 48 21  43 87 27 52  1  92 50 52
 48 13  64 78  95  23 77  16 75 15  9 75  34 54 41 60  80   9 25  40  28  51  85  27  2  87 78  59  3  61  34  27  21  44 98  83  27 61 90 24  37  95  77   0  11  18  52 58  51  25 63  74  26 79  55 12   4  46 58  79 89  25 100  56 38  71 100  22  48 57  81  58  74  18  79  24  78  12 32  48 76  3 100  59  32 50 27  51 36   1 35 61  83 59 78 89 71  94 16 41
 68 10  15 32  23  94 22  12 51 68 85 70  30 97 94  5  34  22 20  97   5  52  32  87  6  71 77   2 31  42  37  95  18  68 94  79  90 16 14 78  82  69  76  52   2  10  40  1  63  81 20  77  79 35   1 15  30   9 82  42  6  25  32  85 92   6  27  97  36 86 100  74  10  99  47  35  28  24  4  91  9  3  55  92  50 23  5  67 16   7 41 40  27 45  0 39 50   7 31 70
 38 98  98 52  79  59 53  59 84  9 17 73  26 58 14 84  40  62 71  78  15  50  33  17 17  10 53   1  1  29  89  82  89   6 94  73  50 29 68 87  35  46  64  18  78   3  17 99  28  14 84  86  44 73  34 37  34  79  5  69 85  55  18  89  6  33   1  47  49  8  73  15  44  16  34  94  68  27 27  81 68 96  97  36  53 51 32   4 18  22 91 47   3  8  4 11 96  80 18 71
 