1
10 100
 57  61  26  7   7 69 95 74  92 44 74 69 24 76  4  71 32 23 28   4 46 71 97 47 60 11  2 21 70 57  20 47 21 59 94 81 89  7 80 86 79   4  34  5  3 18 30 27 96 26 19 94 91  98 88  5 29  48 62 95 50 71 63  71 78 31  63 15 30 56 76 46 42 32 83 51 44 41  87 59 33 60 34 13 11 87 31 59 39 64 50 44 85 45 65  60   6 64 52 27
 85  79   1  6  10  5 56 88  53 33 44 39 97 37 70  15 73 79 15  42 71 81 40 41 22 20 87 34 52 89  77 99 24 35  1 10 45 24 49 53 90   4   3  3 49 69 10 66  5 75 96 65 79  97 39 83 52  40 45 26 84 69  4 100 86 43  87 84  3  5 37 96 13  5  3 91 46 69  92 86  5 42 57 35 22 12 32 89  5 62 80 22 51 16 82  88 100 46 65 51
 56  80  61 26  69 32 86 43  41  5 28 66 44 44 57  72 32 80 83  85 77 23 17 19 15 75 87 50 24  5   7 25 62 27  1 24 60 24 53 47  7  72  54 24 21 86  5 32 44  6 61 99  1  83 18 60 92 100 32 55 93 76 32  92  7 31  59 96 31 59 70 92 62 70 63 26 96 30 100 82 74 51  6 75 78 11 57 82 16 25 67 86 43 92 80  91  38 44 82 52
 25  58  78 44 100 34 56 89  21 56  5 56 10 21 57   7 14  1 48  25 75 91 57 92 77  0 58 50 42 43 100 99 39 17 18 68 34 90 23 22 98 100  13 42 13 88 13 51 13 23 56 62 56  77 73 57 25   1 40 27 26 82 81  86 37 63 100 38 89  6 86 85 88 55 43 27 21 32  24 88  5 90  6 22 35 48 55 37 82 32 96 54 56 31 63 100  59 12 96 52
  8   3  51 76  34 53 60 55  71 12 64  4 49 28 89  33 35 20 55  18  6 53 70 58 25 17 70 44  1  8  20 22 87 50 81 11 59 99 49 14 66  11  70 52 70 92 45 21 83 96 94 34 87  77 79  0 68   1 29 47 96 99 68  47 39  3  50 68 65 89 55 15 56 65 74 46 17 88  65 22 90 23  2  2 60 92 10 19 20 42 73 55 17 54 47  83  38 96 84 41
100  35  84 16  65 82 73 67 100 72 43 36 98 13 97  56 62 16  4 100 48 81 95 45 46 23 63 22 15 98  54 54 77 83 59 76 26 17 69 91 40  73  56 38 15 37 56 16 76 22 91 58 16  31 43 23  6  13  7 99  3 81  6  61 37 95  96 49 21 53  5 65  3 70 55 44  8 90  89 21 43 77 90 35 47 60 88 54 32 99 39 19 21 71 21  65  56  8 69 40
 35  11  99 38  50 82 48 12  36 16 16 58 78 93 91  18 16 19 20  65 30 76 95 98 52 93 67 29 64 58  35 63 26 38 16 43 12 43 39 45 78  56  85 37 40 47 41  2 40 24 86  1 84  22 14 56 90  64 23  8  9 36  6   1  1 55  94 22 44 93 74 19 62 24 77 76 29 51  44 51 38 95 26 64 49 71 83 11 72 15 38 52 22 22 66  53  84 33 90 94
 35  53  95 72  13 77 82 98  69 18 88 14 94 99 36   1 80 94 78   7  4 18 42 86 28 83  0 33  8 94  24 91 95 68 36 51  2 43 92 43 18   4 100 46 33 57 46  9 73 76 11 16 87  15 76 49 29  81 92 63 90 38 13  22  7 55  15 64 36  2 38  5 86 41  9 16 74 28  78  3 57 98 42 28 58  3 48 61 47  6 69  1 73 11 16   6  14 32 59 16
 97  37   1 30  83 55 90 93  88 30 58 40 29 88 21 100 15 88  9  39 89 50 30 52 62 42 48 94 93 46  79 48 85 75 53 85 57 72 27 75 20  31  91 68 16 97 53 20 44 40 37 17 54 100 25 31  7  44 51 88 63 29 50  26 55 95  94 52 80 85 99 98 32 20 84 82 77 12   3 55 29 78  9 19 38 25 32 13 73 12 72 35 15 26 97  51  93 20 66 58
 77 100 100 87  15 95 20 83  79 62 48 64 99 68 74  41 77 30 80 100 24  2 82 51 46 29 45 52 81 29  82 25 47 41 84  1 54 32 67 32 82  40  52 66 27 95 21 69 30 30 15 50 58  96 65 78 87  50 65 48  8 89 63  63 78 33  17 42 12 45 90 67 27 71 76 13  3  1  19 29 42 96 47 36 52 27 11 53 55 53 23 82 67 23  1  42  17 55 26 91
 